3441
3417
2350
2680
3967
3978
2627
4920
3589
5981
3882
3869
2767
4694
4490
5120
4825
3457
4255
3439
3531
5668
4772
7714
4768
4964
5118
6017
7694
7665
7285
5568
7137
4692
4424
5065
4732
5252
5459
3937
7769
8040
5115
4087
5239
6409
3787
3300
4919
4402
4833
4696
5959
5886
6317
2983
5555
6291
7785
6028
4353
6256
4703
3371
7466
6432
5019
5171
5707
7108
7712
4137
7168
6510
6208
5641
6011
7784
6037
4237
4277
4208
5177
4032
6093
5442
4513
3615
3156
4078
3754
6663
3374
3734
6554
4675
3850
4970
6431
4818
4933
4149
5734
6818
